0.03210653465926522 0.43750999867885043 0.088361375352806 0.4392588388834978 wall-center-2-split-3-split-5
0.5430705 0.7051569999999999 0.605779 0.7050664999999999 wall-center-21-split-27-split-28
0.7460836323977215 0.49485350000000006 0.7024 0.49485350000000006 wall-center-35
0.5430705 0.665619 0.542659 0.606241 wall-center-43-split-40-split-41
0.4893875000000001 0.12933575250876164 0.371365 0.13050250000000002 wall-center-53-split-123
0.6501076997714275 0.047696520908615606 0.5588008473175297 0.04186661012602565 wall-center-55-split-47-split-128
0.02935 0.133252 0.08709699999999998 0.13050250000000002 wall-center-61
0.5792 0.555425 0.5784 0.516509 wall-center-70
0.746095 0.516509 0.7460411068260482 0.41384150000000003 wall-center-90-split-58-split-59-split-62
0.02935 0.133252 0.032104 0.167192 wall-center-93-split-63
0.676 0.49485350000000006 0.6872 0.49485350000000006 wall-center-98
0.542659 0.606241 0.6049125 0.607311 wall-center-111-split-71-split-72
0.5788809170785124 0.5399032112842324 0.5704 0.524764 wall-center-115
0.5452494999999999 0.8058273876521083 0.5153114999999999 0.806099 wall-center-154-split-89
0.5368 0.475179 0.542659 0.475179 wall-center-165
0.5704677033555448 0.5247544495485005 0.5784 0.516509 wall-center-235
0.5704 0.524764 0.5785460764405003 0.5236148884481344 wall-center-268
0.03210653465926522 0.43750999867885043 0.03245049999999999 0.5246169638236171 wall-0
0.4893875000000001 0.6976727305743815 0.48921249999999994 0.7719076782111478 wall-2
0.08333323907937612 0.43910252510212344 0.46749052886986403 0.43929577003224773 wall-3