2 0.08842099999999999 0.23517075 0.11263399999999998 0.1359575 0.9047 2-box-0
2 0.201957125 0.23341000435734416 0.11443825000000002 0.14018199128531159 0.8937 2-box-1
2 0.317025125 0.23341000435734416 0.11569775000000004 0.14018199128531159 0.8603 2-box-2
2 0.20195712500000004 0.5388531345585154 0.11501275000000005 0.13691573088296938 0.8421 2-box-3
2 0.431149 0.541245 0.11360199999999998 0.13213200000000003 0.8366 2-box-4
2 0.31690575 0.541058 0.11488450000000006 0.13175800000000004 0.8099 2-box-5
2 0.8200764999999999 0.83253 0.25783500000000004 0.20213000000000003 0.8037 2-box-6
2 0.774946625 0.646385 0.05804675000000015 0.07013500000000006 0.7943 2-box-7
2 0.4317575 0.23529874999999997 0.11376699999999995 0.13640449999999998 0.7812 2-box-8
2 0.94795875 0.647802 0.05787949999999986 0.07142700000000002 0.7768 2-box-9
2 0.889861625 0.6473405 0.05831475000000008 0.07234999999999991 0.7697 2-box-10
2 0.832337125 0.646339 0.056734249999999986 0.07015000000000005 0.7539 2-box-11
2 0.675383 0.528154 0.141424 0.06660099999999991 0.7505 2-box-12
2 0.088450625 0.5400119999999999 0.11200025000000002 0.133029 0.7263 2-box-13
2 0.6470077499999999 0.775254625 0.08830250000000017 0.08935625000000003 0.7254 2-box-14
2 0.6760895 0.369486 0.141104 0.08871100000000004 0.7225 2-box-15
2 0.6470020000000001 0.684105875 0.08244600000000013 0.04192125000000002 0.7204 2-box-16
2 0.5316171249999999 0.883506875 0.0857632499999999 0.056840749999999884 0.7197 2-box-17
2 0.717074125 0.646055 0.05769824999999984 0.07109399999999999 0.6992 2-box-18
2 0.5153045 0.54071 0.05470900000000001 0.131062 0.6427 2-box-19
2 0.545959375 0.934073125 0.11463774999999998 0.04429174999999996 0.6404 2-box-20
2 0.6470077499999999 0.8843767499999999 0.08830250000000017 0.05451499999999998 0.6187 2-box-21
2 0.9211615 0.70749025 0.055664999999999853 0.04794950000000009 0.5730 2-box-22
2 0.647218625 0.933866625 0.08788074999999995 0.04446474999999994 0.5702 2-box-23
2 0.516229 0.6853879999999999 0.053682999999999925 0.03953799999999996 0.5661 2-box-24
2 0.67554 0.29186 0.141204 0.06654100000000002 0.5390 2-box-25
2 0.660858 0.10803536822630244 0.05332999999999999 0.052685263547395125 0.5014 2-box-26
2 0.5886776249999999 0.8329226249999999 0.02835774999999996 0.1580092500000001 0.4912 2-box-27
2 0.675027 0.193974 0.14222 0.11919200000000002 0.4743 2-box-28
2 0.6470077499999999 0.838526 0.08830250000000017 0.03718650000000001 0.4491 2-box-29
2 0.51660225 0.23341000435734416 0.055922499999999986 0.14018199128531159 0.4107 2-box-32
2 0.502262 0.803753 0.026098999999999983 0.10266700000000006 0.4002 2-box-33
2 0.5598779999999999 0.7868821250000001 0.029256999999999977 0.06705025000000009 0.3351 2-box-36
2 0.5449051249999999 0.8377468750000001 0.059187250000000025 0.03467925000000005 0.3279 2-box-37
2 0.64656875 0.5788731249999999 0.08331250000000012 0.16854424999999995 0.2942 2-box-39
2 0.6753690000000001 0.22797100000000003 0.14254500000000003 0.18618800000000002 0.2772 2-box-40
2 0.9619644999999999 0.8083315 0.025941000000000103 0.24963200000000008 0.2674 2-box-41
2 0.674125 0.16083 0.140633 0.050842 0.2619 2-box-42
2 0.229231 0.09835000000000002 0.284268 0.064305 0.2511 2-box-43
3 0.5240941736587649 0.08614946701450561 0.06941334731752957 0.08870606597098882 3-box-0
3 0.6769782868423686 0.4543475 0.12371770677742355 0.08101200000000003 3-box-1
3 0.5143462642431776 0.72878825 0.04991752848635511 0.047262500000000096 3-box-2
1 0.502792663238632 0.3713983850161239 0.08491367352273577 0.13579477003224777 1-box-0
1 0.6676775401370443 0.06358189840664316 0.035139680731233636 0.036221676091923435 1-box-1