0.0312 0.43751 0.08834599999999998 0.437163 wall-center-2-split-191-split-193
0.688225 0.7050665 0.691159 0.731465 wall-center-13-split-206-split-209
0.5430705 0.7051569999999999 0.605779 0.7050665 wall-center-21-split-215-split-216
0.03245049999999999 0.4734975 0.03245049999999999 0.4734975 wall-center-24-split-217
0.6159712596259626 0.445755 0.6159712596259626 0.4598173626995463 wall-center-34-split-304
0.5430705 0.665619 0.542659 0.606241 wall-center-43-split-228-split-229
0.48864050000000003 0.12976253374103755 0.371365 0.13050250000000002 wall-center-53-split-298
0.6586430491692424 0.04824149999999999 0.5571239023184436 0.03977384617948615 wall-center-55-split-235-split-299
0.02935 0.133252 0.08709699999999998 0.13050250000000002 wall-center-61
0.5792 0.555425 0.5784 0.516509 wall-center-70
0.7384526607431227 0.4339546214015918 0.7384526607431227 0.4339592279641787 wall-center-77-split-305
0.7384526607431227 0.45830704604671 0.7384526607431227 0.45872320464707417 wall-center-84-split-306
0.7461117087965404 0.494601 0.7460411068260482 0.41384150000000003 wall-center-90-split-246-split-247-split-250
0.5571239023184436 0.09787700000000002 0.5571239023184436 0.126179 wall-center-91
0.02935 0.133252 0.032104 0.167192 wall-center-93-split-251
0.6159712596259626 0.445755 0.6159712596259626 0.4514752375735964 wall-center-95
0.5394040750036545 0.13050250000000002 0.5399008715831018 0.16640549999999998 wall-center-99-split-253-split-254-split-300
0.542659 0.606241 0.6049125 0.607311 wall-center-111-split-259-split-260
0.5788809170785124 0.5399032112842324 0.5704 0.524764 wall-center-115
0.5452494999999999 0.8058273876521083 0.5153115 0.806099 wall-center-154-split-277
0.5571239023184436 0.13050250000000002 0.5571239023184436 0.10345763004247435 wall-center-159
0.5368 0.475179 0.542659 0.475179 wall-center-165
0.5571239023184436 0.09787700000000002 0.5784 0.101415 wall-center-195
0.5571239023184436 0.108491 0.5784 0.101415 wall-center-202
0.6159712596259626 0.4598173626995463 0.6159712596259626 0.41784150000000003 wall-center-204-split-285
0.5704678746896541 0.5247556641396769 0.5784 0.516509 wall-center-235
0.5571239023184436 0.13050250000000002 0.5571239023184436 0.126179 wall-center-238
0.5632 0.705189 0.5632 0.705189 wall-center-240
0.5704 0.524764 0.5785460764405003 0.5236148884481344 wall-center-268
0.5394040750036545 0.13050250000000002 0.5394053722800919 0.13050250000000002 wall-center-287
0.029988690154488806 0.4379685 0.0310463450772444 0.48633459508144555 wall-0