0.030471286414967737 0.4375167353537113 0.08834599999999998 0.437163 wall-center-2-split-3-split-5
0.688225 0.7050665 0.691159 0.731465 wall-center-13-split-18-split-21
0.5430705 0.7051569999999999 0.605779 0.7050665 wall-center-21-split-27-split-28
0.746095 0.4948535 0.7024 0.4948535 wall-center-35
0.4990422168242598 0.04363199999999999 0.4990422168242598 0.12932522051818954 wall-center-40
0.5430705 0.665619 0.542659 0.606241 wall-center-43-split-40-split-41
0.4990422168242598 0.12900528574952277 0.371365 0.13050250000000002 wall-center-53-split-45
0.6586430491692424 0.04824149999999999 0.5589773648053454 0.040088511220468505 wall-center-55-split-47-split-46
0.02935 0.133252 0.08709699999999998 0.13050250000000002 wall-center-61
0.746095 0.4948535 0.7460411068260482 0.41384150000000003 wall-center-90-split-58-split-59-split-62
0.5589773648053454 0.09787699999999999 0.5589773648053454 0.126179 wall-center-91
0.02935 0.133252 0.032104 0.167192 wall-center-93-split-63
0.676 0.4948535 0.6872 0.4948535 wall-center-98
0.539534676606985 0.13050250000000002 0.5399008715831018 0.16640549999999998 wall-center-99-split-65-split-66-split-47
0.542659 0.606241 0.6051500142457058 0.6081195948153617 wall-center-111-split-71-split-72
0.648 0.4948535 0.648 0.48194973692612847 wall-center-119-split-73-split-24
0.648 0.4167694313094227 0.648 0.41384150000000003 wall-center-119-split-73-split-25
0.585593009404354 0.6080321257692597 0.5752 0.595519 wall-center-130
0.648 0.4948535 0.648 0.48194973692612847 wall-center-132-split-79-split-26
0.648 0.4167694313094227 0.648 0.41384150000000003 wall-center-132-split-79-split-27
0.5633495086997506 0.6068629947433998 0.5752 0.595519 wall-center-136
0.5753067677279111 0.6072224519403644 0.5752 0.595519 wall-center-143
0.6872 0.4948535 0.676 0.48194973692612847 wall-center-147-split-83-split-28
0.676 0.4167694313094227 0.676 0.41384150000000003 wall-center-147-split-83-split-29
0.5452494999999999 0.8058273876521083 0.5153115 0.806099 wall-center-154-split-89
0.5589773648053454 0.13050250000000002 0.5589773648053454 0.10345763004247438 wall-center-159
0.5368 0.475179 0.542659 0.475179 wall-center-165
0.7024 0.4948535 0.7135932368745592 0.48194973692612847 wall-center-170-split-91-split-30
0.7135997092613761 0.4167694313094227 0.7136 0.41384150000000003 wall-center-170-split-91-split-31
0.576 0.694575 0.585599865238561 0.7050956222353574 wall-center-184
0.7295992939204847 0.4167694313094227 0.7296 0.41384150000000003 wall-center-189-split-93-split-33
0.5589773648053454 0.09787699999999999 0.5589773648053454 0.101415 wall-center-195
0.648 0.4948535 0.648 0.48194973692612847 wall-center-196-split-95-split-34
0.648 0.4167694313094227 0.648 0.41384150000000003 wall-center-196-split-95-split-35
0.5589773648053454 0.108491 0.5589773648053454 0.101415 wall-center-202
0.6160415983686061 0.4167694313094227 0.6159712596259626 0.41384150000000003 wall-center-204-split-97-split-36
0.5751998868994745 0.7051106313336405 0.576 0.694575 wall-center-208
0.7135919556455005 0.4948535 0.7135932368745592 0.48194973692612847 wall-center-209-split-98-split-37
0.7135997092613761 0.4167694313094227 0.7136 0.41384150000000003 wall-center-209-split-98-split-38
0.676 0.4948535 0.676 0.48194973692612847 wall-center-221-split-99-split-39
0.676 0.4167694313094227 0.676 0.41384150000000003 wall-center-221-split-99-split-40
0.5589773648053454 0.13050250000000002 0.5589773648053454 0.126179 wall-center-238
0.030471286414967737 0.4375167353537113 0.03245049999999999 0.5253744079753719 wall-0
0.48938750000000003 0.7009955290180834 0.4893797476023366 0.7057513766249677 wall-1-split-53
0.48930627577941815 0.750823986206104 0.4892125 0.8083524226322674 wall-1-split-54
0.604671 0.5551384681706636 0.605779 0.6776882437745598 wall-2