2 0.088421 0.233718 0.11263400000000001 0.133052 0.9047 2-box-0
2 0.20195712500000002 0.23374275 0.11443824999999999 0.1332925 0.8937 2-box-1
2 0.317025125 0.23380374999999998 0.11569775000000004 0.13341449999999996 0.8603 2-box-2
2 0.20195712500000002 0.540162 0.11501275000000002 0.13345600000000002 0.8421 2-box-3
2 0.431149 0.54081325 0.11360199999999998 0.1312685 0.8366 2-box-4
2 0.31690575 0.540102 0.1148845 0.13303299999999996 0.8099 2-box-5
2 0.8200764999999999 0.83253 0.2578349999999999 0.20213000000000003 0.8037 2-box-6
2 0.77547575 0.646385 0.0569885 0.07013500000000006 0.7943 2-box-7
2 0.4317575 0.23421371410143194 0.11376699999999995 0.13423442820286388 0.7812 2-box-8
2 0.94795875 0.647802 0.05787949999999986 0.07142700000000002 0.7768 2-box-9
2 0.889861625 0.6473405 0.05831475000000008 0.07234999999999991 0.7697 2-box-10
2 0.832337125 0.646339 0.056734249999999986 0.07015000000000005 0.7539 2-box-11
2 0.675383 0.528154 0.141424 0.06660099999999997 0.7505 2-box-12
2 0.08845062499999999 0.5400119999999999 0.11200025 0.13302899999999995 0.7263 2-box-13
2 0.64700775 0.775254625 0.08830250000000006 0.08935625000000003 0.7254 2-box-14
2 0.6760469999999998 0.371486 0.141104 0.09271100000000004 0.7225 2-box-15
2 0.647002 0.684105875 0.08244600000000002 0.04192125000000002 0.7204 2-box-16
2 0.5316171249999999 0.883506875 0.08576324999999996 0.056840749999999884 0.7197 2-box-17
2 0.716545 0.646055 0.05663999999999991 0.07109399999999999 0.6992 2-box-18
2 0.5153045 0.54071 0.05470900000000001 0.131062 0.6427 2-box-19
2 0.545959375 0.934073125 0.11463774999999998 0.04429174999999996 0.6404 2-box-20
2 0.64700775 0.8843767499999999 0.08830250000000006 0.05451499999999998 0.6187 2-box-21
2 0.9211615 0.70749025 0.055664999999999853 0.04794950000000009 0.5730 2-box-22
2 0.647218625 0.933866625 0.08788074999999995 0.04446474999999994 0.5702 2-box-23
2 0.516229 0.6853879999999999 0.05368299999999998 0.03953799999999996 0.5661 2-box-24
2 0.67554 0.29186 0.141204 0.06654100000000002 0.5390 2-box-25
2 0.660858 0.11079825 0.05332999999999999 0.04715949999999999 0.5014 2-box-26
2 0.5886776249999999 0.8329226249999999 0.02835774999999996 0.15800925 0.4912 2-box-27
2 0.675027 0.193974 0.14222 0.11919200000000002 0.4743 2-box-28
2 0.64700775 0.838526 0.08830250000000006 0.03718650000000001 0.4491 2-box-29
2 0.51660225 0.23454296410143194 0.055922499999999986 0.1335759282028639 0.4107 2-box-32
2 0.502262 0.8032143011544913 0.02609900000000004 0.10374439769101751 0.4002 2-box-33
2 0.5598779999999999 0.786882125 0.029256999999999977 0.06705024999999998 0.3351 2-box-36
2 0.544905125 0.8377468750000001 0.059187249999999914 0.03467925000000005 0.3279 2-box-37
2 0.675947 0.578873125 0.142069 0.16854425 0.2942 2-box-39
2 0.6753690000000001 0.22797100000000003 0.14254500000000003 0.18618800000000002 0.2772 2-box-40
2 0.9619644999999999 0.8083315 0.025941000000000103 0.24963200000000008 0.2674 2-box-41
2 0.674125 0.16083 0.140633 0.050842 0.2619 2-box-42
1 0.5025303617816929 0.36946735994630475 0.08543827643661417 0.13627286348688178 1-box-0
1 0.6695132850384651 0.06619750000000002 0.043026570076930226 0.046062763769475504 1-box-1
3 0.5143988091485543 0.7282495511544913 0.05151661829710863 0.04618510230898265 3-box-0
3 0.5222546942835188 0.0866061997154284 0.06404338856703767 0.08779260056914323 3-box-1
3 0.6810331298129813 0.4563475 0.1301237403740374 0.07701199999999997 3-box-2