0.03245049999999999 0.4734975 0.4598112235633858 0.43760379168974567 wall-center-2-split-131-split-133
0.5430705 0.7051569999999999 0.605779 0.7050665 wall-center-21-split-155-split-156
0.6159712596259626 0.445755 0.6159712596259626 0.4598173626995463 wall-center-34-split-243
0.5430705 0.665619 0.542659 0.606241 wall-center-43-split-168-split-169
0.490233 0.1297242492619148 0.371365 0.13050250000000002 wall-center-53-split-239
0.648 0.04377894875042987 0.55281 0.04270989943085679 wall-center-55-split-175-split-236
0.02935 0.133252 0.374348 0.13050250000000002 wall-center-61
0.5792 0.555425 0.5784 0.516509 wall-center-70
0.7461117087965404 0.494601 0.746095 0.47338159842507743 wall-center-90-split-186-split-187-split-190-split-244
0.02935 0.133252 0.032104 0.167192 wall-center-93-split-191
0.542659 0.606241 0.6049125 0.607311 wall-center-111-split-199-split-200
0.5788809170785124 0.5399032112842324 0.5704 0.524764 wall-center-115
0.6049125 0.6073179182686882 0.5752 0.595519 wall-center-130
0.5452494999999999 0.8058273876521083 0.5153115 0.806099 wall-center-154-split-217
0.6159712596259626 0.4598173626995463 0.6159712596259626 0.41784150000000003 wall-center-204-split-225
0.5704678746896541 0.5247556641396769 0.5784 0.516509 wall-center-235