2 0.088421 0.233718 0.11263400000000001 0.133052 0.9047 2-box-0
2 0.20224437500000003 0.23374275 0.11443824999999999 0.1332925 0.8937 2-box-1
2 0.317025125 0.2326442147628285 0.11569775000000004 0.13573357047434292 0.8603 2-box-2
2 0.20195712500000002 0.540162 0.11501275000000002 0.13345600000000002 0.8421 2-box-3
2 0.431149 0.54023775 0.11360199999999998 0.13330450000000005 0.8366 2-box-4
2 0.31690575 0.540102 0.1148845 0.13303299999999996 0.8099 2-box-5
2 0.8200764999999999 0.83253 0.2578349999999999 0.20213000000000003 0.8037 2-box-6
2 0.7755224999999999 0.646385 0.05689500000000003 0.07013500000000006 0.7943 2-box-7
2 0.4317575 0.23486897070415808 0.11376699999999995 0.13554494140831616 0.7812 2-box-8
2 0.94795875 0.647802 0.05787949999999986 0.07142700000000002 0.7768 2-box-9
2 0.889861625 0.6473405 0.05831475000000008 0.07234999999999991 0.7697 2-box-10
2 0.832337125 0.646339 0.056734249999999986 0.07015000000000005 0.7539 2-box-11
2 0.675383 0.528154 0.141424 0.06660099999999997 0.7505 2-box-12
2 0.08845062499999999 0.5400119999999999 0.11200025 0.13302899999999995 0.7263 2-box-13
2 0.6322938559464222 0.775254625 0.056753711892844394 0.08935625000000003 0.7254 2-box-14
2 0.6760469999999998 0.3695690497738105 0.141104 0.08854490045237906 0.7225 2-box-15
2 0.647002 0.686024 0.08244600000000002 0.038085000000000035 0.7204 2-box-16
2 0.53900425 0.883506875 0.10053749999999995 0.056840749999999884 0.7197 2-box-17
2 0.7176499999999999 0.646055 0.05884999999999996 0.07109399999999999 0.6992 2-box-18
2 0.5153045 0.54071 0.05470900000000001 0.131062 0.6427 2-box-19
2 0.545959375 0.934073125 0.11463774999999998 0.04429174999999996 0.6404 2-box-20
2 0.6249718559464221 0.88466975 0.0713977118928445 0.05451499999999998 0.6187 2-box-21
2 0.9211615 0.70749025 0.055664999999999853 0.04794950000000009 0.5730 2-box-22
2 0.647218625 0.933866625 0.08788074999999995 0.04446474999999994 0.5702 2-box-23
2 0.516229 0.6853879999999999 0.05368299999999998 0.03953799999999996 0.5661 2-box-24
2 0.675535 0.29077122454762094 0.141204 0.06905075 0.5390 2-box-25
2 0.660858 0.10880467783800318 0.05332999999999999 0.04631014432399362 0.5014 2-box-26
2 0.675027 0.19410279977381048 0.14222 0.12428609954762099 0.4743 2-box-28
2 0.6319744809464223 0.838526 0.057392461892844415 0.03718650000000001 0.4491 2-box-29
2 0.51660225 0.23519822070415808 0.055922499999999986 0.13488644140831618 0.4107 2-box-32
2 0.50361625 0.803753 0.02880749999999993 0.10266700000000006 0.4002 2-box-33
2 0.559181633805347 0.786882125 0.02786426761069405 0.06705024999999998 0.3351 2-box-36
2 0.5455668838053469 0.8377468750000001 0.05509376761069407 0.03467925000000005 0.3279 2-box-37
2 0.9619644999999999 0.8083315 0.025941000000000103 0.24963200000000008 0.2674 2-box-41
2 0.229231 0.09835000000000002 0.284268 0.06430500000000001 0.2511 2-box-43
3 0.6790591704722555 0.4543475 0.12614013933604418 0.08101199999999997 3-box-0
3 0.5213004814421024 0.08465209866048554 0.06213496288420489 0.09170080267902898 3-box-1
1 0.6678125079628521 0.06354913809495041 0.0408249840742958 0.04420093516211192 1-box-0
1 0.5033806690813656 0.3697566975851739 0.0837376618372686 0.13423051235371541 1-box-1
3 0.5140364291574208 0.7308300904721592 0.049297858314841514 0.0391598614449139 3-box-2