0.03100957805036036 0.43751165593707037 0.46151183816273134 0.4368719537620316 wall-center-2-split-3-split-5
0.5430705 0.7051569999999999 0.605779 0.7050665 wall-center-21-split-27-split-28
0.5430705 0.665619 0.542659 0.606241 wall-center-43-split-40-split-41
0.490233 0.1297242492619148 0.371365 0.13050250000000002 wall-center-53-split-116
0.6474000159257042 0.04374671668096285 0.5523679628842049 0.04410610456723914 wall-center-55-split-47-split-120
0.02935 0.133252 0.08709699999999998 0.13050250000000002 wall-center-61
0.605779 0.681602 0.604671 0.555424 wall-center-70
0.746095 0.4948535 0.746137 0.41384150000000003 wall-center-90-split-58-split-59-split-62
0.02935 0.133252 0.032104 0.167192 wall-center-93-split-63
0.542659 0.606241 0.6051343365576404 0.6081883322833509 wall-center-111-split-71-split-72
0.5523679628842049 0.04410610456723914 0.5820289472664317 0.04459910616072947 wall-0-split-118
0.48938750000000003 0.7013888498612632 0.4892125 0.7694994081141244 wall-2
0.03100957805036036 0.43751165593707037 0.03245049999999999 0.4999740167246169 wall-3