2 0.087228 0.233718 0.11024800000000001 0.133052 0.9047 2-box-0
2 0.20202399999999998 0.23373 0.10979999999999998 0.13331800000000002 0.8937 2-box-1
2 0.316958 0.233653 0.11105900000000002 0.13371599999999997 0.8603 2-box-2
2 0.20195712500000002 0.5220265000000001 0.11501275000000002 0.16972700000000002 0.8421 2-box-3
2 0.431149 0.521734 0.11360199999999998 0.16942700000000005 0.8366 2-box-4
2 0.31690575 0.5222935 0.1148845 0.16864999999999997 0.8099 2-box-5
2 0.8200764999999999 0.83253 0.2578349999999999 0.20213000000000003 0.8037 2-box-6
2 0.77547575 0.646385 0.0569885 0.07013500000000006 0.7943 2-box-7
2 0.43168799999999996 0.233578 0.10885499999999998 0.13296300000000003 0.7812 2-box-8
2 0.94795875 0.647802 0.05787949999999986 0.07142700000000002 0.7768 2-box-9
2 0.889861625 0.6473405 0.05831475000000008 0.07234999999999991 0.7697 2-box-10
2 0.832337125 0.646339 0.056734249999999986 0.07015000000000005 0.7539 2-box-11
2 0.675383 0.528154 0.141424 0.06660099999999997 0.7505 2-box-12
2 0.08845062499999999 0.5400119999999999 0.11200025 0.13302899999999995 0.7263 2-box-13
2 0.64700775 0.775254625 0.08830250000000006 0.08935625000000003 0.7254 2-box-14
2 0.6760469999999998 0.369486 0.141104 0.08871100000000004 0.7225 2-box-15
2 0.647002 0.684105875 0.08244600000000002 0.04192125000000002 0.7204 2-box-16
2 0.5316171249999999 0.883506875 0.08576324999999996 0.056840749999999884 0.7197 2-box-17
2 0.716545 0.646055 0.05663999999999991 0.07109399999999999 0.6992 2-box-18
2 0.5153045 0.54071 0.05470900000000001 0.131062 0.6427 2-box-19
2 0.545959375 0.934073125 0.11463774999999998 0.04429174999999996 0.6404 2-box-20
2 0.64700775 0.8843767499999999 0.08830250000000006 0.05451499999999998 0.6187 2-box-21
2 0.9211615 0.70749025 0.055664999999999853 0.04794950000000009 0.5730 2-box-22
2 0.647218625 0.933866625 0.08788074999999995 0.04446474999999994 0.5702 2-box-23
2 0.516229 0.6853879999999999 0.05368299999999998 0.03953799999999996 0.5661 2-box-24
2 0.67554 0.29186 0.141204 0.06654100000000002 0.5390 2-box-25
2 0.660858 0.10870725 0.05332999999999999 0.0513415 0.5014 2-box-26
2 0.5886776249999999 0.8329226249999999 0.02835774999999996 0.15800925 0.4912 2-box-27
2 0.675027 0.193974 0.14222 0.11919200000000002 0.4743 2-box-28
2 0.64700775 0.838526 0.08830250000000006 0.03718650000000001 0.4491 2-box-29
2 0.186685 0.371609 0.19667800000000002 0.131108 0.4278 2-box-30
2 0.667284 0.065639 0.03315900000000005 0.034795000000000006 0.4172 2-box-31
2 0.517865 0.23370599999999997 0.05339699999999997 0.13190199999999996 0.4107 2-box-32
2 0.502262 0.803753 0.02609900000000004 0.10266700000000006 0.4002 2-box-33
2 0.374262 0.3715379999999999 0.16809800000000003 0.130094 0.3909 2-box-34
2 0.503299 0.371425 0.08263299999999996 0.131191 0.3518 2-box-35
2 0.5598779999999999 0.786882125 0.029256999999999977 0.06705024999999998 0.3351 2-box-36
2 0.544905125 0.8377468750000001 0.059187249999999914 0.03467925000000005 0.3279 2-box-37
2 0.31648 0.302187 0.45425399999999994 0.271563 0.2996 2-box-38
2 0.675947 0.578873125 0.142069 0.16854425 0.2942 2-box-39
2 0.6753690000000001 0.22797100000000003 0.14254500000000003 0.18618800000000002 0.2772 2-box-40
2 0.9619644999999999 0.8083315 0.025941000000000103 0.24963200000000008 0.2674 2-box-41
2 0.674125 0.16083 0.140633 0.050842 0.2619 2-box-42
2 0.229231 0.09835000000000002 0.284268 0.06430500000000001 0.2511 2-box-43
3 0.6753434352688119 0.45639932300394803 0.12666306129518212 0.076908353992104 3-box-0
3 0.5225212552784175 0.08501582224367374 0.06457651055683516 0.08905135551265253 3-box-1
3 0.5123580254877546 0.72878825 0.05059920411073926 0.047262500000000096 3-box-2