0.03245049999999999 0.4734975 0.08834599999999998 0.437163 wall-center-2-split-57-split-59
0.688225 0.7050665 0.691159 0.731465 wall-center-13-split-72-split-75
0.5430705 0.7051569999999999 0.605779 0.7050665 wall-center-21-split-81-split-82
0.03515717097807057 0.4734975 0.03245049999999999 0.4734975 wall-center-24-split-83
0.6120119046212208 0.445755 0.6120119046212208 0.445755 wall-center-34-split-173
0.5430705 0.665619 0.542659 0.606241 wall-center-43-split-94-split-95
0.4978347280701753 0.1295415 0.371365 0.13050250000000002 wall-center-53-split-187
0.6586430491692424 0.04824149999999999 0.55281 0.04049014448734747 wall-center-55-split-101
0.02935 0.133252 0.08709699999999998 0.13050250000000002 wall-center-61
0.5792 0.555425 0.5784 0.516509 wall-center-70
0.7386749659164029 0.43395483711457095 0.7386749659164029 0.4339592279641787 wall-center-77-split-174
0.7386749659164029 0.45832653363855047 0.7386749659164029 0.45872320464707417 wall-center-84-split-175
0.7461117087965404 0.494601 0.7460411068260482 0.41384150000000003 wall-center-90-split-112-split-113-split-116
0.5548095105568351 0.09787699999999999 0.5548095105568351 0.126179 wall-center-91
0.02935 0.133252 0.032104 0.167192 wall-center-93-split-117
0.6120119046212208 0.445755 0.6120119046212208 0.445755 wall-center-95
0.539386964961263 0.1295415 0.5399008715831018 0.16640549999999998 wall-center-99-split-119-split-120-split-188
0.542659 0.606241 0.6049125 0.607311 wall-center-111-split-125-split-126
0.5788809170785124 0.5399032112842324 0.5704 0.524764 wall-center-115
0.648 0.417945146007896 0.648 0.417945146007896 wall-center-119-split-127-split-176
0.648 0.417945146007896 0.648 0.417945146007896 wall-center-132-split-133-split-177
0.676 0.417945146007896 0.676 0.417945146007896 wall-center-147-split-137-split-178
0.5452494999999999 0.8058273876521083 0.5153115 0.806099 wall-center-154-split-143
0.5548095105568351 0.1295415 0.5756287664771405 0.10345763004247437 wall-center-159
0.5368 0.475179 0.542659 0.475179 wall-center-165
0.7136 0.417945146007896 0.7136 0.417945146007896 wall-center-170-split-145-split-179
0.7296 0.417945146007896 0.7296 0.417945146007896 wall-center-189-split-147-split-180
0.5548095105568351 0.09787699999999999 0.5784 0.101415 wall-center-195
0.648 0.417945146007896 0.648 0.417945146007896 wall-center-196-split-149-split-181
0.5548095105568351 0.108491 0.5784 0.101415 wall-center-202
0.6159693592591144 0.417945146007896 0.6159712596259626 0.417945146007896 wall-center-204-split-151-split-182
0.7136 0.417945146007896 0.7136 0.417945146007896 wall-center-209-split-152-split-183
0.676 0.417945146007896 0.676 0.417945146007896 wall-center-221-split-153-split-184
0.5704678746896541 0.5247556641396769 0.5784 0.516509 wall-center-235
0.5548095105568351 0.1295415 0.5548095105568351 0.126179 wall-center-238
0.5632 0.705189 0.5632 0.705189 wall-center-240
0.5704 0.524764 0.5785460764405003 0.5236148884481344 wall-center-268
0.539386964961263 0.1295415 0.5393883638931668 0.1295415 wall-center-287