0.689405285251 0.726466401198 0.689405285251 0.9113756613756614 wall-5-split-1
0.603384809993 0.8174603174603176 0.603384809993 0.8571428571428571 wall-6-split-2
0.691708686449 0.934499371013 0.9511957671957673 0.934499371013 wall-8-split-3
0.691095781254 0.728511186062 0.8923951218970338 0.728511186062 wall-12-split-5
0.603131222308 0.559523809523809 0.603131222308 0.6646016803164949 wall-22-split-6
0.54469417989418 0.608351411507 0.602485807595 0.608351411507 wall-24-split-7
0.747742477504 0.4130585884326948 0.747742477504 0.4973544973544973 wall-33-split-8
0.5477542277539088 0.7081155600832706 0.6054018514417328 0.7081155600832706 wall-40
0.03142713380874342 0.43989458298268147 0.543622589360854 0.437475085263764 wall-42
0.5437968253968255 0.6653439153439153 0.5437968253968255 0.608351411507 wall-43
0.543622589360854 0.437475085263764 0.543622589360854 0.30158730158730185 wall-44
0.03142713380874342 0.43989458298268147 0.03142713380874342 0.47354497354497443 wall-45
0.030510052910053022 0.16481721578198089 0.030510052910053022 0.13398037826106216 wall-46-split-2
0.030510052910053022 0.13398037826106216 0.5480021260574921 0.13398037826106216 wall-47
0.5735862669728282 0.7549940204633033 0.6057142857142847 0.7549940204633033 wall-50
0.658658201058201 0.8174603174603176 0.658658201058201 0.8571428571428571 wall-51
0.5533289594773235 0.03844442749644092 0.6460952380952383 0.03844442749644092 wall-52-split-4
0.4901956897836128 0.13398037826106216 0.4901956897836128 0.11787363826785041 wall-52