2 0.20196261787585834 0.23346560846560943 0.11295095472447601 0.136243386243387 2-box-1
2 0.31721481481481484 0.23346560846560838 0.11396402116402114 0.1362433862433864 2-box-2
2 0.5173248677248679 0.23346560846560863 0.05473862433862411 0.13624338624338644 2-box-4
2 0.6609696986451022 0.15975171012581676 0.11230553485633679 0.05086695011873691 2-box-5
2 0.6750008649631666 0.2164499291369825 0.1403678674924655 0.06252948790359457 2-box-6
2 0.6753273706027727 0.29044431531961307 0.14074843339762935 0.061968512217916584 2-box-7
2 0.6753273706027737 0.3705504582375114 0.14074843339763238 0.08501626039036676 2-box-8
2 0.08704338624338616 0.5396700052546032 0.11127195767195774 0.13225006341925752 2-box-9
2 0.20146458801199732 0.540318846488042 0.11035759646277882 0.13090224324063227 2-box-10
2 0.3194582010582012 0.5412222733113463 0.11486137566137528 0.12919566501751922 2-box-11
2 0.43126317784194385 0.540343915343915 0.10947724867724869 0.13095238095238185 2-box-12
2 0.6748105820105817 0.5284391534391532 0.13998730158730094 0.062169312169311694 2-box-13
2 0.6609015873015873 0.10846560846560846 0.05294391534391536 0.03968253968253968 2-box-14
1 0.6671830687830689 0.062169312169312166 0.042175661375661234 0.04497354497354497 1-box-15
3 0.5164275132275132 0.7288359788359788 0.05114920634920622 0.03703703703703695 3-box-17
3 0.6792973544973546 0.44907407407407407 0.12383492063492056 0.06216931216931222 3-box-18
2 0.5173248677248677 0.5403439153439146 0.05473862433862446 0.1309523809523816 2-box-19
2 0.6464180322832539 0.684086087479374 0.08370573437526568 0.03896881432575837 2-box-20
2 0.7177750885905247 0.6455026455026455 0.055418960249832484 0.07407407407407404 2-box-21
2 0.7757629629629587 0.6451152249094071 0.0547386243386246 0.07130857284154751 2-box-22
2 0.8336423280423282 0.6461640211640212 0.053841269841269794 0.07010582010581999 2-box-23
2 0.8910490901510032 0.6460251281500787 0.05379341839724136 0.06982803407793368 2-box-24
2 0.9483585066703152 0.6463654608425833 0.05449608171587479 0.07050869946294014 2-box-25
2 0.9204494128003688 0.7056878306878309 0.056108581806669965 0.041005291005291 2-box-26
2 0.9628613756613756 0.8082010582010581 0.023331216931216828 0.2460317460317459 2-box-27
2 0.6456465608465609 0.9325396825396826 0.08345396825396825 0.04232804232804227 2-box-28
2 0.6326349206349207 0.8822751322751323 0.05384126984126986 0.050264550264550394 2-box-29
2 0.6321862433862429 0.7744708994708995 0.052943915343916445 0.0859788359788359 2-box-30
2 0.530965542490498 0.8822751322751323 0.08381468286459309 0.050264550264550394 2-box-31
2 0.5460171129733965 0.9340942419970115 0.1122155095029425 0.040146155951694885 2-box-32
2 0.5605846940615212 0.785452586416795 0.02600314582261397 0.0629686648970899 2-box-33
2 0.5312338624338625 0.7857142857142857 0.0251259259259259 0.06349206349206354 2-box-34
2 0.5025185185185183 0.8035714285714286 0.025125925925925795 0.09920634920634958 2-box-35
2 0.5455915343915344 0.8359788359788359 0.05563597883597879 0.03174603174603177 2-box-36
2 0.5173248677248679 0.6838624338624338 0.05294391534391529 0.03703703703703695 2-box-37
2 0.731187860629671 0.17658641411619366 0.028161876982127295 0.0162682948846588 2-box-38
2 0.4320761904761906 0.23352880469902879 0.1157587301587304 0.13239648537340504 2-box-39
2 0.08799859671183669 0.23320225868464192 0.11497708760356731 0.13677008580532207 2-box-40
3 0.5220920575299979 0.08194659273629752 0.06247380389465118 0.0870043304797132 3-box-19
0 0.1624358831289604 0.16534391534391593 0.02 0.02 box 0 2-box-1 top 0.1500540004879423
0 0.27793069919332164 0.16534391534391518 0.02 0.02 box 1 2-box-2 top 0.15529370392297695
0 0.5779302121628206 0.608351411507 0.02 0.02 line 5 wall-24-split-7 0.5751011624157625
0 0.5755225937901404 0.7081155600832706 0.02 0.02 line 7 wall-40 0.48169142559291067
0 0.5446941798941799 0.259716747132037 0.02 0.02 box 2 2-box-4 right 0.6926782605031052
0 0.605333719809123 0.2253565575585773 0.02 0.02 box 4 2-box-6 left 0.5635827830703105
0 0.6048169312169338 0.1530650662178323 0.02 0.02 box 3 2-box-5 left 0.3685463961889586
0 0.604953153903958 0.30815653098285867 0.02 0.02 box 5 2-box-7 left 0.7858260595471346
0 0.6049531539039575 0.3624263631129025 0.02 0.02 box 6 2-box-8 left 0.40444069067134064
0 0.6048169312169313 0.5137197147539532 0.02 0.02 box 11 2-box-13 left 0.26323626285082385
0 0.5915045223014572 0.7549940204633033 0.02 0.02 line 14 wall-50 0.5577142952020306
0 0.658658201058201 0.7552819240820304 0.02 0.02 box 27 2-box-30 right 0.2768174554771524
0 0.7079829206714798 0.6825396825396826 0.02 0.02 box 18 2-box-21 bottom 0.3233065385041303
0 0.7627121052398459 0.6807695113301808 0.02 0.02 box 19 2-box-22 bottom 0.26157863152757604
0 0.8449880497851796 0.6812169312169312 0.02 0.02 box 20 2-box-23 bottom 0.710725374351309
0 0.8828150772910484 0.6809391451890456 0.02 0.02 box 21 2-box-24 bottom 0.3469327084003058
0 0.8923951218970338 0.7079937547061168 0.02 0.02 box 23 2-box-26 left 0.5562347921878738
0 0.9511957671957673 0.7055200345092024 0.02 0.02 box 24 2-box-27 left 0.08265132305890861
0 0.9630442313759858 0.6816198105740533 0.02 0.02 box 22 2-box-25 bottom 0.7694822130926279
0 0.6775139655401515 0.9113756613756614 0.02 0.02 box 25 2-box-28 top 0.8818560741966321
0 0.5894236789653187 0.9140211640211641 0.02 0.02 box 29 2-box-32 top 0.8868143199116695
0 0.5728728839227946 0.8869812198254862 0.02 0.02 box 28 2-box-31 right 0.5936263733701985
0 0.5734095238095238 0.8406674934668025 0.02 0.02 box 33 2-box-36 right 0.6476927108709478
0 0.5645867475898335 0.8169369188653399 0.02 0.02 box 30 2-box-33 bottom 0.65390651406615
0 0.5355818124452235 0.8174603174603174 0.02 0.02 box 31 2-box-34 bottom 0.673046359532354
0 0.5150814814814811 0.8385758106923751 0.02 0.02 box 32 2-box-35 right 0.8528441717791385
0 0.38891526775036545 0.4748677248677241 0.02 0.02 box 10 2-box-12 top 0.11318072381938638
0 0.54469417989418 0.5687812818354963 0.02 0.02 box 16 2-box-19 right 0.717158071390259
0 0.27345322194398275 0.4766244408025867 0.02 0.02 box 9 2-box-11 top 0.09947389756286307
0 0.15967318952916687 0.4748677248677258 0.02 0.02 box 8 2-box-10 top 0.12130927256171471
0 0.04628600788412988 0.47354497354497443 0.02 0.02 box 7 2-box-9 top 0.13371383759227443
0 0.3979203672804082 0.16739973452223647 0.02 0.02 box 36 2-box-39 top 0.20493954841291576
0 0.050553101484645147 0.16481721578198089 0.02 0.02 box 37 2-box-40 top 0.174322110538224
