2 0.795648 0.39431275 0.10672700000000002 0.09474450000000001 0.8099 2-box-0
2 0.17202971427480446 0.460592 0.08425757145039103 0.08680299999999996 0.7722 2-box-1
2 0.2721175 0.460816 0.10541999999999999 0.08725099999999997 0.7517 2-box-2
2 0.230909 0.484434 0.023002999999999996 0.04001500000000002 0.6921 2-box-3
2 0.20338 0.483995 0.022871000000000002 0.04069800000000001 0.6908 2-box-4
2 0.20265000000000002 0.234104 0.30004300000000006 0.366173 0.6691 2-box-5
2 0.796141 0.32366575 0.10639299999999996 0.046549499999999966 0.6569 2-box-6
2 0.795556 0.48561 0.10724200000000006 0.08784999999999998 0.6567 2-box-7
2 0.479163 0.932304 0.08137600000000006 0.06464400000000003 0.5748 2-box-8
2 0.631398 0.552759875 0.10632200000000003 0.041574250000000035 0.5746 2-box-9
2 0.479367 0.86283 0.080959 0.06540299999999999 0.5565 2-box-10
2 0.79633 0.553823 0.10751900000000003 0.040242 0.5519 2-box-11
2 0.630171 0.417673125 0.10684099999999996 0.22859924999999998 0.5446 2-box-13
2 0.7678590000000001 0.17705 0.05086500000000005 0.068797 0.5291 2-box-14
2 0.40015775 0.9259181249999999 0.0766345 0.07504875 0.5090 2-box-15
2 0.6299410000000001 0.2199071319118684 0.10851500000000003 0.11314373617626328 0.4931 2-box-16
2 0.47925700000000004 0.792588 0.08187700000000003 0.06793399999999994 0.4904 2-box-17
2 0.781057 0.24434500000000003 0.07813000000000003 0.06455100000000003 0.4827 2-box-18
2 0.5495432499999999 0.591396 0.057387500000000036 0.05684100000000003 0.4486 2-box-19
2 0.399764 0.85379775 0.075625 0.06919200000000003 0.4139 2-box-21
2 0.0692959965775716 0.484621375 0.030879993155143212 0.04670525000000003 0.4048 2-box-22
2 0.933444 0.875332 0.05181100000000005 0.08828400000000003 0.3728 2-box-24
2 0.06934224657757161 0.439229625 0.03078749315514321 0.044078249999999985 0.3681 2-box-25
2 0.6305540000000001 0.24414600000000003 0.10726500000000005 0.06539500000000001 0.3668 2-box-26
2 0.46667325 0.5900129999999999 0.10835249999999996 0.05964899999999995 0.3226 2-box-29
2 0.83456675 0.24457100000000004 0.028889500000000012 0.06454499999999999 0.3170 2-box-32
2 0.796108 0.507764 0.10765000000000002 0.13171500000000003 0.3100 2-box-33
2 0.09148671427480448 0.56786325 0.07682842854960895 0.11977850000000001 0.2879 2-box-36
2 0.40026825 0.787391125 0.07610050000000002 0.06362124999999996 0.2689 2-box-37
2 0.491447 0.852218 0.10774099999999998 0.22646699999999997 0.2673 2-box-38
2 0.33855325000000003 0.43865625 0.027451500000000018 0.04293150000000001 0.2627 2-box-40
1 0.7659561906310507 0.10562549738086455 0.05467061873789869 0.07202900523827088 1-box-0
3 0.63012125 0.11685118220277241 0.10887550000000001 0.09296816324192869 3-box-0
3 0.791639407858838 0.5947762367802738 0.10023981571767593 0.04166447356054781 3-box-1
3 0.394987687653914 0.3805767832420003 0.02496528775553769 0.20259166708094428 3-box-2
3 0.10743243466745332 0.45574151133169505 0.02887724182135476 0.07710202266339011 3-box-3
3 0.21053501550799936 0.5904418528596036 0.12474328846026106 0.04320134288268218 3-box-4