0.3526715 0.05101749999999999 0.41249693230175455 0.04741324619206422 wall-center-4-split-8
0.4074703315316829 0.4763587034402902 0.4074703315316829 0.4818726167824724 wall-center-5-split-9-split-83
0.352279 0.459716 0.351227 0.483412 wall-center-7-split-10-split-11-split-12-split-13
0.5769215 0.2768435 0.5767505 0.3033735 wall-center-10-split-16-split-18-split-19-split-20
0.4074703315316829 0.327019 0.41249693230175455 0.04741324619206422 wall-center-14
0.6835915 0.3033735 0.6841865 0.2768435 wall-center-18-split-24-split-25-split-26
0.3825050437761452 0.4596710873488168 0.3825050437761452 0.3552979327704826 wall-center-50-split-85
0.850004 0.276866 0.8493375 0.300391 wall-center-57-split-42-split-43-split-44-split-45
0.7386208812621013 0.07052020271665962 0.684559 0.07279939475788295 wall-center-61-split-73-split-76
0.386503 0.2792809497015281 0.4074703315316829 0.2792809497015281 wall-center-67
0.4074703315316829 0.4763587034402902 0.4074703315316829 0.4763722026492914 wall-center-94-split-87
0.3248275 0.483412 0.351227 0.483412 wall-center-121-split-60
0.5756835 0.17601916899917266 0.5756835 0.14219022528726744 wall-center-142-split-77
0.0530725 0.6139742916656176 0.052628499999999995 0.7167043218449879 wall-0
0.052628499999999995 0.7167043218449879 0.330261 0.7183824075436607 wall-1
0.330261 0.7183824075436607 0.3275089129795866 0.9646439315269155 wall-2
0.3275089129795866 0.9646439315269155 0.3725309345461514 0.9634425 wall-3
0.5453175 0.919474 0.9075385 0.9185556756201617 wall-4
0.8500895 0.5739439999999999 0.8521770294941301 0.715274978634394 wall-5
0.8521770294941301 0.715274978634394 0.9593495000000001 0.7185092483766606 wall-6
0.9593495000000001 0.7185092483766606 0.9593495000000001 0.8374543938717198 wall-7
0.4074703315316829 0.4818726167824724 0.412497 0.5752121035391619 wall-8